0,539
442,1
442,74
456,74
456,73
545,3
449,3
450,8
0,417
442,2
442,0
442,5
442,4
0,534
578,3
0,529
0,536
0,564
456,72
0,301
440,81
0,293
0,476
551,10
0,285
437,3
549,16
505,11
505,10
0,482
452,7
452,6
543,3
539,3
541,3
0,392
579,3
435,118
435,117
435,116
435,115
435,114
435,113
551,9
551,8
0,464
435,112
435,111
435,110
435,109
435,108
435,107
435,106
456,71
0,568
0,243
0,6
0,513
441,75
441,18
456,41
456,40
456,4
456,70
0,510
456,39
456,38
549,15
0,475
456,5
456,69
0,483
0,495
0,394
550,13
435,105
435,104
435,103
435,102
435,101
435,100
456,68
436,13
436,12
511,4
511,3
456,67
435,99
435,98
435,97
435,96
435,95
435,94
0,428
436,11
0,480
436,10
0,551
0,550
0,425
0,410
0,533
0,572
0,484
0,478
0,559
0,387
0,477
440,80
440,79
440,78
551,7
551,6
549,14
549,13
447,7
549,12
549,11
549,10
555,3
439,32
435,93
435,92
435,91
494,4
435,90
435,89
14,4
578,2
0,558
436,9
440,77
440,76
440,75
440,74
440,73
503,3
497,3
496,4
496,3
494,3
493,3
0,315
442,21
0,312
444,5
444,2
0,567
578,4
442,3
0,390
435,88
435,87
435,86
435,85
435,84
436,8
0,566
456,66
435,83
549,9
549,8
14,9
0,514
435,82
435,81
435,80
435,79
435,78
445,2
439,31
535,3
535,5
456,65
14,7
0,569
446,2
550,12
549,7
549,6
456,64
456,127
456,37
456,36
456,35
456,34
550,11
550,10
550,9
550,8
550,7
550,6
533,3
441,9
435,77
456,33
456,32
456,31
485,5
0,290
436,7
436,6
440,72
440,71
440,70
440,69
440,68
440,67
440,66
440,65
440,64
0,282
435,76
435,75
435,74
435,73
435,72
439,30
435,71
458,8
456,30
456,29
456,28
456,27
456,26
456,25
456,24
456,23
458,6
451,3
450,5
450,3
0,393
0,267
0,266
0,262
0,261
0,260
0,259
0,258
0,257
0,256
0,253
0,252
0,251
0,250
0,249
0,248
0,247
0,246
0,245
0,244
0,241
0,239
0,238
0,235
0,234
0,233
0,232
0,231
0,230
0,225
0,461
0,218
0,214
0,210
0,209
0,408
0,208
0,207
0,206
0,205
0,204
0,203
0,202
0,201
0,200
0,199
0,198
0,197
0,196
0,195
0,194
0,193
0,192
0,63
0,53
0,386
0,45
577,34
577,33
577,32
577,31
577,30
577,29
577,28
577,27
577,26
577,25
577,24
577,23
577,22
577,21
577,20
577,19
577,18
577,17
577,16
577,15
577,14
577,13
577,12
577,11
577,10
577,9
577,8
577,7
577,6
577,5
577,4
577,3
0,62
0,314
0,61
0,60
0,59
0,317
0,56
0,55
0,54
0,496
447,6
447,8
447,10
447,3
447,9
447,5
524,5
441,71
441,70
0,52
0,302
0,507
